 1, 10, 11, 14, 13,  1,  2,  5,  4
 2, 11, 12, 15, 14,  2,  3,  6,  5
 3, 13, 14, 17, 16,  4,  5,  8,  7
 4, 14, 15, 18, 17,  5,  6,  9,  8
 5, 19, 20, 23, 22, 10, 11, 14, 13
 6, 20, 21, 24, 23, 11, 12, 15, 14
 7, 22, 23, 26, 25, 13, 14, 17, 16
 8, 23, 24, 27, 26, 14, 15, 18, 17
 9, 28, 29, 32, 31, 19, 20, 23, 22
10, 29, 30, 33, 32, 20, 21, 24, 23
11, 31, 32, 35, 34, 22, 23, 26, 25
12, 32, 33, 36, 35, 23, 24, 27, 26
13, 37, 38, 41, 40, 28, 29, 32, 31
14, 38, 39, 42, 41, 29, 30, 33, 32
15, 40, 41, 44, 43, 31, 32, 35, 34
16, 41, 42, 45, 44, 32, 33, 36, 35
17, 46, 47, 50, 49, 37, 38, 41, 40
18, 47, 48, 51, 50, 38, 39, 42, 41
19, 49, 50, 53, 52, 40, 41, 44, 43
20, 50, 51, 54, 53, 41, 42, 45, 44
21, 55, 56, 59, 58, 46, 47, 50, 49
22, 56, 57, 60, 59, 47, 48, 51, 50
23, 58, 59, 62, 61, 49, 50, 53, 52
24, 59, 60, 63, 62, 50, 51, 54, 53
25, 64, 65, 68, 67, 55, 56, 59, 58
26, 65, 66, 69, 68, 56, 57, 60, 59
27, 67, 68, 71, 70, 58, 59, 62, 61
28, 68, 69, 72, 71, 59, 60, 63, 62
29, 73, 74, 77, 76, 64, 65, 68, 67
30, 74, 75, 78, 77, 65, 66, 69, 68
31, 76, 77, 80, 79, 67, 68, 71, 70
32, 77, 78, 81, 80, 68, 69, 72, 71
