      1,         100.,          25.,          25.
      2,         100.,         12.5,          25.
      3,         100.,           0.,          25.
      4,         100.,          25.,         12.5
      5,         100.,         12.5,         12.5
      6,         100.,           0.,         12.5
      7,         100.,          25.,           0.
      8,         100.,         12.5,           0.
      9,         100.,           0.,           0.
     10,         87.5,          25.,          25.
     11,         87.5,         12.5,          25.
     12,         87.5,           0.,          25.
     13,         87.5,          25.,         12.5
     14,         87.5,         12.5,         12.5
     15,         87.5,           0.,         12.5
     16,         87.5,          25.,           0.
     17,         87.5,         12.5,           0.
     18,         87.5,           0.,           0.
     19,          75.,          25.,          25.
     20,          75.,         12.5,          25.
     21,          75.,           0.,          25.
     22,          75.,          25.,         12.5
     23,          75.,         12.5,         12.5
     24,          75.,           0.,         12.5
     25,          75.,          25.,           0.
     26,          75.,         12.5,           0.
     27,          75.,           0.,           0.
     28,         62.5,          25.,          25.
     29,         62.5,         12.5,          25.
     30,         62.5,           0.,          25.
     31,         62.5,          25.,         12.5
     32,         62.5,         12.5,         12.5
     33,         62.5,           0.,         12.5
     34,         62.5,          25.,           0.
     35,         62.5,         12.5,           0.
     36,         62.5,           0.,           0.
     37,          50.,          25.,          25.
     38,          50.,         12.5,          25.
     39,          50.,           0.,          25.
     40,          50.,          25.,         12.5
     41,          50.,         12.5,         12.5
     42,          50.,           0.,         12.5
     43,          50.,          25.,           0.
     44,          50.,         12.5,           0.
     45,          50.,           0.,           0.
     46,         37.5,          25.,          25.
     47,         37.5,         12.5,          25.
     48,         37.5,           0.,          25.
     49,         37.5,          25.,         12.5
     50,         37.5,         12.5,         12.5
     51,         37.5,           0.,         12.5
     52,         37.5,          25.,           0.
     53,         37.5,         12.5,           0.
     54,         37.5,           0.,           0.
     55,          25.,          25.,          25.
     56,          25.,         12.5,          25.
     57,          25.,           0.,          25.
     58,          25.,          25.,         12.5
     59,          25.,         12.5,         12.5
     60,          25.,           0.,         12.5
     61,          25.,          25.,           0.
     62,          25.,         12.5,           0.
     63,          25.,           0.,           0.
     64,         12.5,          25.,          25.
     65,         12.5,         12.5,          25.
     66,         12.5,           0.,          25.
     67,         12.5,          25.,         12.5
     68,         12.5,         12.5,         12.5
     69,         12.5,           0.,         12.5
     70,         12.5,          25.,           0.
     71,         12.5,         12.5,           0.
     72,         12.5,           0.,           0.
     73,           0.,          25.,          25.
     74,           0.,         12.5,          25.
     75,           0.,           0.,          25.
     76,           0.,          25.,         12.5
     77,           0.,         12.5,         12.5
     78,           0.,           0.,         12.5
     79,           0.,          25.,           0.
     80,           0.,         12.5,           0.
     81,           0.,           0.,           0.